# extrair página
# pdfseparate -f n -l n sebesta9.pdf n.pdf
#
# fazer o crop
pdfcrop --margins "..." entrada.pdf saida.pdf

# pagina numero crop
47 1-2 -50 -230 10 -30
49 1-3 -70 -20 -10 -130
51 1-4 -130 -370 -80 -17
52 1-5 -130 -170 -80 -17
310 6-7 -55 -360 0 0
313 6-8 -55 -20 0 -380
431 9-1 0 -345 0 0
439 9-2 0 -305 0 0
476 10-1 -55 -505 0 0
477 10-2 -55 -20 0 -270
478 10-3 -55 -475 0 0
479 10-4 -55 -365 -30 0
482 10-5 0 -320 0 0
484 10-6 -55 -20 0 -430
484 10-7 0 -220 0 0
485 10-8 0 -25 0 -95
492 10-9 0 -20 0 -160
496 10-10 0 -20 0 -205
498 10-11 0 -20 0 -235
499 10-12 -55 -460 0 0
588 12-2 10 -20 10 -300
589 12-3 0 -235 0 -220
615 13-3 -50 -270 0 0
648 14-1 0 -25 0 -275
690 15-1 -55 -20 0 -255
748 16-1 -55 -330 0 0
